0.
1.00392
1.00785
1.0118
1.01576
1.01974
1.02373
1.02774
1.03176
1.0358
1.03986
1.04393
1.04802
1.05212
1.05624
1.06038
1.06453
1.0687
1.07289
1.07709
1.08131
1.08554
1.08979
1.09406
1.09834
1.10264
1.10696
1.1113
1.11565
1.12002
1.1244
1.1288
1.13322
1.13766
1.14212
1.14659
1.15108
1.15559
1.16011
1.16465
1.16921
1.17379
1.17839
1.183
1.18763
1.19228
1.19695
1.20164
1.20634
1.21106
1.21581
1.22057
1.22534
1.23014
1.23496
1.23979
1.24465
1.24952
1.25441
1.25932
1.26425
1.2692
1.27417
1.27916
1.28417
1.28919
1.29424
1.29931
1.30439
1.3095
1.31463
1.31977
1.32494
1.33013
1.33533
1.34056
1.34581
1.35108
1.35636
1.36167
1.367
1.37236
1.37773
1.38312
1.38853
1.39397
1.39943
1.4049
1.4104
1.41592
1.42147
1.42703
1.43261
1.43822
1.44385
1.4495
1.45518
1.46087
1.46659
1.47233
1.47809
1.48388
1.48969
1.49552
1.50137
1.50725
1.51314
1.51907
1.52501
1.53098
1.53697
1.54299
1.54903
1.55509
1.56117
1.56728
1.57342
1.57958
1.58576
1.59196
1.59819
1.60445
1.61073
1.61703
1.62336
1.62971
1.63609
1.64249
1.64892
1.65537
1.66185
1.66836
1.67488
1.68144
1.68802
1.69462
1.70126
1.70791
1.7146
1.72131
1.72804
1.73481
1.74159
1.74841
1.75525
1.76212
1.76901
1.77594
1.78289
1.78986
1.79687
1.8039
1.81096
1.81804
1.82516
1.8323
1.83947
1.84667
1.85389
1.86115
1.86843
1.87574
1.88308
1.89045
1.89785
1.90527
1.91273
1.92021
1.92773
1.93527
1.94284
1.95044
1.95808
1.96574
1.97343
1.98115
1.9889
1.99669
2.0045
2.01234
2.02022
2.02812
2.03606
2.04402
2.05202
2.06005
2.06811
2.0762
2.08433
2.09248
2.10067
2.10889
2.11714
2.12543
2.13374
2.14209
2.15047
2.15889
2.16733
2.17581
2.18433
2.19287
2.20145
2.21007
2.21872
2.2274
2.23611
2.24486
2.25365
2.26246
2.27132
2.2802
2.28913
2.29808
2.30707
2.3161
2.32516
2.33426
2.3434
2.35256
2.36177
2.37101
2.38029
2.3896
2.39895
2.40834
2.41776
2.42722
2.43672
2.44625
2.45583
2.46543
2.47508
2.48477
2.49449
2.50425
2.51405
2.52389
2.53376
2.54368
2.55363
2.56362
2.57365
2.58372
2.59383
2.60398
2.61417
2.6244
2.63467
2.64498
2.65533
2.66572
2.67615
2.68662
2.69713
2.70769